Antall kommunestyrerepresentanter                              411

Stemmesedler                                     Listestemmer                                                                           Mandater
Parti            Antall stemmer                  Før retting     Tilgang             Avgang          Totalt                             Antall                            Område
Arbeiderpart             4288                          175808                 376             571             175613                                8                     A29:CJ42
Fremskrittsp .           4884                          200244                 263             267             200240                                9
Høyre                    6294                          258054                 551             511             258094                               11                     Startlinje
INP                       919                           37679                  31              81              37629                                2                     48
Konservativt               56                            2296                  23              13               2306                                0
Kritelig Folke           1063                           43583                 151             151              43583                                2
Liberalistene              67                            2747                  22               6               2763                                0
Miljøpartiet 1            724                           29684                 246             135              29795                                1
Norgesdemo                294                           12054                  24              31              12047                                0
Partiet Sentr             119                            4879                  27              16               4890                                0
Rødt                      672                           27552                 121             105              27568                                1
Senterpartie             1352                           55432                 262             185              55509                                2
SV                       1435                           58835                 214             284              58765                                3
Venstre                  1136                           46576                 332             287              46621                                2
                                                            0                                                      0
                                                            0                                                      0
                                                            0                                                      0
                                                            0                                                      0
                                                            0                                                      0
                                                            0                                                      0

                 St. Lague
Parti            1,4             3               5                   7               9               11                13               15               17               19
Arbeiderpart       125 437,86        58 537,67       35122,60            25 087,51       19 512,56        15 964,82         13 508,69        11 707,53        10 330,18         9 242,79
Fremskrittsp       143 028,57,       66 746,67       40 048,00           28 605,71       22 248,89        18 203,64         15 403,08        13 349,33        11 778,82        10 538,95
Høyre              184 352,86        86 031,33       51618,80            36 870,57       28 677,11        23 463,09         19 853,38        17 206,27        15 182,00        13 583,89
INP                 26 877,86        12 543,00        7 525,80            5 375,57        4181,00          3 420,82          2 894,54         2 508,60         2 213,47         1980,47
Konservativt         1647,14            768,67          461,20              329,43          256,22           209,64            177,38           153,73           135,65           121,37
Kritelig Folke:    31130,71      14 527,67    8 716,60   6 226,14   4 842,56   3 962,09   3 352,54   2 905,53   2 563,71   2 293,84
Liberalistene       1 973,57        921,00      552,60     394,71     307,00     251,18     212,54     184,20     162,53     145,42
Miljøpartiet il    21282,14       9 931,67    5 959,00   4 256,43   3 310,56   2 708,64   2 291,92   1986,33    1 752,65   1568,16
Norgesdemo•         8 605,00      4 015,67    2 409,40   1 721,00   1338,56    1095,18      926,69     803,13     708,65     634,05
Partiet Sentr       3 492,86      1630,00       978,00     698,57     543,33     444,55     376,15     326,00     287,65     257,37
Rødt               19 691,43      9 189,33    5 513,60   3 938,29   3 063,11   2 506,18   2 120,62   1837,87    1621,65    1450,95
Senterpartie       39 649,29     18 503,00   11101,80    7 929,86   6 167,67   5 046,27   4 269,92   3 700,60   3 265,24   2 921,53
SV                 41975,00      19 588,33   11 753,00   8 395,00   6 529,44   5 342,27   4 520,38   3 917,67   3 456,76   3 092,89
Venstre            33 300,71     15 540,33    9 324,20   6 660,14   5 180,11   4 238,27   3 586,23   3 108,07   2 742,41   2 453,74
                        0,00          0,00        0,00       0,00       0,00       0,00       0,00       0,00       0,00       0,00




1             Sp               5437,85714
2             Ap                      4205
3             Sp               2537,66667
4             Ap               1962,33333
5             Høyre            1547,85714
6             Sp                    1522,6
7             Ap                    1177,4
8             Sp               1087,57143
9             SV               1050,71429
10            Sp               845,888889
11            Ap                       841
12            Høyre            722,333333
13            Sp               692,090909
14            Rødt             690,714286
15            Ap               654,111111
16            Sp               585,615385
17            Ap               535,181818
18            Sp               507,533333
19            SV               490,333333
