Antall kommunestyrerepresentanter                29

Stemmesedler                            Listestemmer                                                                 Mandater
Parti      Antall stemmer               Før retting Tilgang      Avgang      Totalt                                  Antall                          Område
MDG                   60                         1740         81          11         1810                                        0                   A29:CJ42
INP                  173                         5017         54          77         4994                                        1
KRF                  863                        25027        295         300        25022                                        5                   Startlinje
PS                    64                         1856         51          34         1873                                        0                   48
Høyre                911                        26419        296         345        26370                                        5
AP                   557                        16153        342         280        16215                                        3
SP                   504                        14616        320         320        14616                                        3
SV                    66                         1914         37          20         1931                                        0
FRP                 1722                        49938        363         652        49649                                       10
Rødt                  93                         2697         56          34         2719                                        0
Venstre              301                         8729        343         165         8907                                        2
                                                    0                                   0
                                                    0                                   0
                                                    0                                   0
                                                    0                                   0
                                                    0                                   0
                                                    0                                   0
                                                    0                                   0
                                                    0                                   0
                                                    0                                   0
                                        Sum                 2238        2238 Ok!


           St. Lägue
Parti      1,4           3              5              7              9              11              13              15              17              19
MDG             1 292,86       603,33         362,00         258,57         201,11          164,55          139,23          120,67          106,47           95,26
INP             3 567,14     1 664,67         998,80         713,43         554,89          454,00          384,15          332,93          293,76          262,84
KRF            17 872,86     8 340,67       5 004,40       3 574,57       2 780,22        2 274,73        1 924,77        1 668,13        1 471,88        1 316,95
PS           1 337,86       624,33     374,60     267,57     208,11     170,27     144,08     124,87     110,18      98,58
Høyre       18 835,71     8 790,00   5 274,00   3 767,14   2 930,00   2 397,27   2 028,46   1 758,00   1 551,18   1 387,89
AP          11 582,14     5 405,00   3 243,00   2 316,43   1 801,67   1 474,09   1 247,31   1 081,00     953,82     853,42
SP          10 440,00     4 872,00   2 923,20   2 088,00   1 624,00   1 328,73   1 124,31     974,40     859,76     769,26
SV           1 379,29       643,67     386,20     275,86     214,56     175,55     148,54     128,73     113,59     101,63
FRP         35 463,57    16 549,67   9 929,80   7 092,71   5 516,56   4 513,55   3 819,15   3 309,93   2 920,53   2 613,11
Rødt         1 942,14       906,33     543,80     388,43     302,11     247,18     209,15     181,27     159,94     143,11
Venstre      6 362,14     2 969,00   1 781,40   1 272,43     989,67     809,73     685,15     593,80     523,94     468,79
                 0,00         0,00       0,00       0,00       0,00       0,00       0,00       0,00       0,00       0,00
                 0,00         0,00       0,00       0,00       0,00       0,00       0,00       0,00       0,00       0,00
                 0,00         0,00       0,00       0,00       0,00       0,00       0,00       0,00       0,00       0,00
                 0,00         0,00       0,00       0,00       0,00       0,00       0,00       0,00       0,00       0,00




1         FRP           35463,5714
2    Høyre     18835,7143
3    KRF       17872,8571
4    FRP       16549,6667
5    AP        11582,1429
6    SP             10440
7    FRP           9929,8
8    Høyre           8790
9    KRF       8340,66667
10   FRP       7092,71429
11   Venstre   6362,14286
12   FRP       5516,55556
13   AP              5405
14   Høyre           5274
15   KRF           5004,4
16   SP              4872
17   FRP       4513,54545
18   FRP       3819,15385
19   Høyre     3767,14286
20   KRF       3574,57143
21   INP       3567,14286
22   FRP       3309,93333
23   AP              3243
24   Venstre         2969
25   Høyre           2930
26   SP            2923,2
27   FRP       2920,52941
28   KRF       2780,22222
29   FRP       2613,10526
30   Høyre     2397,27273
31   FRP        2364,2381
32   AP        2316,42857
33   KRF       2274,72727
34   FRP       2158,65217
35   SP              2088
36   Høyre     2028,46154
37   FRP          1985,96
38   Rødt      1942,14286
39   KRF       1924,76923
40   FRP       1838,85185
41   AP        1801,66667
42   Venstre       1781,4
43   Høyre           1758
44   FRP       1712,03448
45   KRF       1668,13333
46   INP       1664,66667
47   SP              1624
48   FRP       1601,58065
49   Høyre     1551,17647
50   FRP       1504,51515
51   AP        1474,09091
52   KRF       1471,88235
53   FRP       1418,54286
54   Høyre     1387,89474
55   SV        1379,28571
56   FRP       1341,86486
57   PS        1337,85714
58   SP        1328,72727
59   KRF       1316,94737
60   MDG       1292,85714
61   FRP       1273,05128
62   Venstre   1272,42857
63   Høyre     1255,71429
64   AP        1247,30769
65   FRP       1210,95122
66   KRF       1191,52381
67   FRP       1154,62791
68    Høyre     1146,52174
69    SP        1124,30769
70    FRP       1103,31111
71    KRF       1087,91304
72    AP              1081
73    FRP        1056,3617
74    Høyre          1054,8
75    FRP        1013,2449
76    KRF          1000,88
77    INP             998,8
78    Venstre   989,666667
79    Høyre     976,666667
80    SP              974,4
81    FRP       973,509804
82    AP        953,823529
83    FRP       936,773585
84    KRF       926,740741
85    Høyre     909,310345
86    Rødt      906,333333
87    FRP       902,709091
88    FRP       871,035088
89    KRF       862,827586
90    SP        859,764706
91    AP        853,421053
92    Høyre     850,645161
93    FRP       841,508475
94    FRP       813,918033
95    Venstre   809,727273
96    KRF        807,16129
97    Høyre     799,090909
98    FRP       788,079365
99    AP        772,142857
100   SP        769,263158
101   FRP       763,830769
102   KRF       758,242424
103   Høyre     753,428571
104   FRP       741,029851
105   FRP       719,550725
106   KRF       714,914286
107   INP       713,428571
108   Høyre     712,702703
109   AP               705
110   FRP        699,28169
111   SP               696
112   Venstre   685,153846
113   FRP       680,123288
114   KRF        676,27027
115   Høyre     676,153846
116   FRP       661,986667
117   AP              648,6
118   FRP       644,792208
119   SV        643,666667
120   Høyre     643,170732
121   KRF       641,589744
122   SP        635,478261
123   FRP       628,468354
124   PS        624,333333
125   Høyre     613,255814
126   FRP       612,950617
127   KRF       610,292683
128   MDG       603,333333
129   AP        600,555556
130   FRP       598,180723
131   Venstre         593,8
132   Høyre            586
133   SP             584,64
134   FRP       584,105882
135   KRF       581,906977
136   FRP       570,678161
137   Høyre      561,06383
138   AP        559,137931
139   FRP       557,853933
140   KRF       556,044444
141   INP       554,888889
142   FRP       545,593407
143   Rødt            543,8
144   SP        541,333333
145   Høyre     538,163265
146   FRP       533,860215
147   KRF       532,382979
148   Venstre   523,941176
149   AP        523,064516
150   FRP       522,621053
151   Høyre     517,058824
152   FRP       511,845361
153   KRF       510,653061
154   SP               504
155   FRP       501,505051
156   Høyre      497,54717
157   FRP       491,574257
158   AP        491,363636
159   KRF       490,627451
160   FRP       482,029126
161   Høyre     479,454545
162   FRP       472,847619
163   KRF       472,113208
164   SP        471,483871
165   Venstre   468,789474
166   FRP       464,009346
167       AP        463,285714
168       Høyre     462,631579
169       FRP       455,495413
170       KRF       454,945455
171       INP              454
172       FRP       447,288288
173       Høyre     446,949153
174       SP        442,909091
175       FRP       439,371681
176       KRF       438,982456
177       AP        438,243243
178       Høyre     432,295082
179       FRP       431,730435
180       FRP       424,350427
      181 Venstre   424,142857
      182 KRF       424,101695
      183 Høyre     418,571429
      184 SP              417,6
      185 FRP       417,218487
      186 AP        415,769231
      187 FRP       410,322314
      188 KRF       410,196721
      189 Høyre     405,692308
      190 FRP       403,650407
      191 FRP          397,192
      192 KRF       397,174603
      193 AP        395,487805
      194 SP        395,027027
      195 Høyre      393,58209
      196 FRP       390,937008
      197 Rødt      388,428571
      198 Venstre    387,26087
      199 SV              386,2
200 KRF       384,953846
201 FRP       384,875969
202 INP       384,153846
203 Høyre     382,173913
204 FRP              379
205 AP        377,093023
206 SP        374,769231
207 PS              374,6
208 KRF       373,462687
209 FRP       373,300752
210 Høyre     371,408451
211 FRP        367,77037
212 KRF       362,637681
213 FRP        362,40146
214 MDG              362
215 Høyre     361,232877
216 AP        360,333333
217 FRP        357,18705
218 SP        356,487805
219 Venstre        356,28
220 KRF       352,422535
221 FRP       352,120567
222 Høyre           351,6
223 FRP       347,195804
224 AP               345
225 KRF       342,767123
226 Høyre     342,467532
227 FRP       342,406897
228 SP        339,906977
229 FRP       337,748299
230 Høyre     333,797468
231 KRF       333,626667
232 FRP       333,214765
233 INP       332,933333
234 AP        330,918367
235 Venstre   329,888889
236 FRP       328,801325
237 Høyre     325,555556
238 KRF       324,961039
239 SP              324,8
240 FRP       324,503268
241 FRP       320,316129
242 AP        317,941176
243 Høyre     317,710843
244 KRF       316,734177
245 FRP       316,235669
246 FRP       312,257862
247 SP        310,978723
248 Høyre     310,235294
249 KRF        308,91358
250 FRP       308,378882
251 Venstre   307,137931
252 AP        305,943396
253 FRP       304,595092
254 Høyre     303,103448
255 Rødt      302,111111
256 KRF        301,46988
257 FRP        300,90303
258 SP        298,285714
259 FRP       297,299401
260 Høyre     296,292135
261 AP        294,818182
262 KRF       294,376471
263 FRP       293,781065
264 INP       293,764706
265 FRP       290,345029
266 Høyre      289,78022
267 KRF       287,609195
268 Venstre   287,322581
269 FRP       286,988439
270 SP        286,588235
271 AP        284,473684
272 Høyre     283,548387
273 KRF       281,146067
274 Høyre     277,578947
275 SV        275,857143
276 SP        275,773585
277 KRF       274,967033
278 AP        274,830508
279 Høyre      271,85567
280 Venstre   269,909091
281 KRF       269,053763
282 PS        267,571429
283 Høyre     266,363636
284 AP        265,819672
285 SP        265,745455
286 KRF       263,389474
287 INP       262,842105
288 Høyre     261,089109
289 MDG       258,571429
290 KRF       257,958763
291 AP        257,380952
292 SP        256,421053
293 Høyre     256,019417
294 Venstre   254,485714
295 KRF       252,747475
296 Høyre     251,142857
297 AP        249,461538
298 KRF       247,742574
299 SP        247,728814
300 Rødt      247,181818
301 Høyre     246,448598
302 KRF       242,932039
303 AP        242,014925
304 Høyre     241,926606
305 Venstre    240,72973
306 SP        239,606557
307 KRF       238,304762
308 INP       237,809524
309 Høyre     237,567568
310 AP               235
311 KRF       233,850467
312 Høyre     233,362832
313 SP               232
314 KRF       229,559633
315 Høyre     229,304348
316 Venstre   228,384615
317 AP        228,380282
318 KRF       225,423423
319 Høyre     225,384615
320 SP        224,861538
321 AP        222,123288
322 Høyre     221,596639
323 KRF       221,433628
324 SP        218,149254
325 Høyre     217,933884
326 KRF       217,582609
327 Venstre   217,243902
328 INP       217,130435
329 AP              216,2
330 SV        214,555556
331 Høyre     214,390244
332 KRF       213,863248
333 SP        211,826087
334 Høyre          210,96
335 AP        210,584416
336 KRF       210,268908
337 Rødt      209,153846
338 PS        208,111111
339 Høyre     207,637795
340 Venstre   207,139535
341 KRF       206,793388
342 SP        205,859155
343 AP        205,253165
344 Høyre     204,418605
345 KRF       203,430894
346 Høyre      201,29771
347 MDG       201,111111
348 SP        200,219178
349 AP        200,185185
350 KRF          200,176
351 INP            199,76
352 Høyre     198,270677
353 Venstre   197,933333
354 KRF       197,023622
355 AP        195,361446
356 Høyre     195,333333
357 SP             194,88
358 KRF       193,968992
359 Høyre     192,481752
360 KRF       191,007634
361 AP        190,764706
362 SP        189,818182
363 Høyre      189,71223
364 Venstre   189,510638
365 KRF       188,135338
366 Høyre     187,021277
367 AP         186,37931
368 KRF       185,348148
369 SP        185,012658
370 INP       184,962963
371 Høyre     184,405594
372 KRF       182,642336
373 AP        182,191011
374 Høyre     181,862069
375 Venstre    181,77551
376 Rødt      181,266667
377 SP        180,444444
378 KRF       180,014388
379 Høyre     179,387755
380 AP        178,186813
381 KRF       177,460993
382 Høyre     176,979866
383 SP        176,096386
384 SV        175,545455
385 KRF       174,979021
386 Venstre   174,647059
387 Høyre     174,635762
388 AP        174,354839
389 KRF       172,565517
390 Høyre     172,352941
391 INP       172,206897
392 SP        171,952941
393 AP        170,684211
394 PS        170,272727
395 KRF       170,217687
396 Høyre     170,129032
397 Venstre   168,056604
398 SP               168
399 Høyre     167,961783
400 KRF       167,932886
401 AP        167,164948
402 Høyre     165,849057
403 KRF       165,708609
404 MDG       164,545455
405 SP        164,224719
406 Høyre      163,78882
407 AP        163,787879
408 KRF       163,542484
409 Venstre   161,945455
410 Høyre     161,779141
411 KRF       161,432258
412 INP       161,096774
413 SP        160,615385
414 AP        160,544554
415 Rødt      159,941176
416 Høyre     159,818182
417 KRF       159,375796
418 Høyre     157,904192
419 AP        157,427184
420 KRF       157,371069
421 SP         157,16129
422 Venstre   156,263158
423 Høyre     156,035503
424 KRF       155,416149
425 AP        154,428571
426 Høyre     154,210526
427 SP        153,852632
428 KRF       153,509202
429 Høyre     152,427746
430 KRF       151,648485
431 AP        151,542056
432 INP       151,333333
433 Venstre   150,966102
434 SP        150,680412
435 KRF       149,832335
436 AP        148,761468
437 SV        148,538462
438 KRF       148,059172
439 SP        147,636364
440 KRF       146,327485
441 AP        146,081081
442 Venstre   146,016393
443 SP        144,712871
444 KRF       144,635838
445 PS        144,076923
446 AP        143,495575
447 Rødt      143,105263
448 INP       142,685714
449 SP        141,902913
450 Venstre   141,380952
451 AP               141
452 MDG       139,230769
453 SP              139,2
454 AP        138,589744
455 Venstre   137,030769
456 SP        136,598131
457 AP        136,260504
458 INP       134,972973
459 SP        134,091743
460 AP        134,008264
461 Venstre   132,940299
462 AP        131,829268
463 SP        131,675676
464 AP             129,72
465 Rødt       129,47619
466 SP        129,345133
467 Venstre   129,086957
468 SV        128,733333
469 INP       128,051282
470 AP        127,677165
471 SP        127,095652
472 AP        125,697674
473 Venstre   125,450704
474 SP        124,923077
475 PS        124,866667
476 AP        123,778626
477 SP        122,823529
478 Venstre   122,013699
479 AP        121,917293
480 INP       121,804878
481 SP        120,793388
482 MDG       120,666667
483 AP        120,111111
484 SP        118,829268
485 Venstre        118,76
486 AP        118,357664
487 Rødt      118,217391
488 SP           116,928
489 AP        116,654676
490 INP       116,139535
491 Venstre   115,675325
492 SP        115,086614
493 AP               115
494 SV        113,588235
495 AP        113,391608
496 SP        113,302326
497 Venstre   112,746835
498 AP        111,827586
499 SP        111,572519
500 INP       110,977778
501 AP        110,306122
502 PS        110,176471
503 Venstre   109,962963
504 SP        109,894737
505 AP        108,825503
506 Rødt           108,76
507 SP        108,266667
508 AP        107,384106
509 Venstre   107,313253
510 SP        106,686131
511 MDG       106,470588
512 INP       106,255319
513 AP        105,980392
514 SP        105,151079
515 Venstre   104,788235
516 AP        104,612903
517 SP        103,659574
518 AP        103,280255
519 Venstre    102,37931
520 SP         102,20979
521 AP        101,981132
522 INP       101,918367
523 SV        101,631579
524 SP              100,8
525 AP        100,714286
526 Rødt      100,703704
527 Venstre   100,078652
528 AP        99,4785276
529 SP        99,4285714
530 PS        98,5789474
531 AP        98,2727273
532 SP        98,0939597
533 INP       97,9215686
534 Venstre   97,8791209
535 AP        97,0958084
536 SP         96,794702
537 AP        95,9467456
538 Venstre   95,7741935
539 SP        95,5294118
540 MDG       95,2631579
541 AP        94,8245614
542 SP        94,2967742
543 INP       94,2264151
544 Rødt      93,7586207
545 Venstre   93,7578947
546 AP        93,7283237
547 SP        93,0955414
548 SV         91,952381
549 SP        91,9245283
550 Venstre   91,8247423
551 INP              90,8
552 SP        90,7826087
553 Venstre    89,969697
554 SP        89,6687117
555 PS        89,1904762
556 SP        88,5818182
557 Venstre   88,1881188
558 Rødt      87,7096774
559 INP       87,6140351
560 SP        87,5209581
561 SP        86,4852071
562 Venstre   86,4757282
563 MDG       86,1904762
564 SP        85,4736842
565 Venstre   84,8285714
566 INP       84,6440678
567 SP        84,4855491
568 SV        83,9565217
569 Venstre   83,2429907
570 Rødt      82,3939394
571 INP       81,8688525
572 Venstre   81,7155963
573 PS        81,4347826
574 Venstre   80,2432432
575 INP       79,2698413
576 Venstre   78,8230088
577 MDG       78,6956522
578 Rødt      77,6857143
579 Venstre   77,4521739
580 SV              77,24
581 INP       76,8307692
582 Venstre   76,1282051
583 PS              74,92
584 Venstre   74,8487395
585 INP       74,5373134
586 Venstre   73,6115702
587 Rødt      73,4864865
588 Venstre   72,4146341
589 MDG              72,4
590 INP       72,3768116
591 SV        71,5185185
592 Venstre        71,256
593 INP       70,3380282
594 Venstre   70,1338583
595 Rødt      69,7179487
596 PS        69,3703704
597 Venstre   69,0465116
598 INP       68,4109589
599 Venstre   67,9923664
600 MDG        67,037037
601 Venstre   66,9699248
602 INP       66,5866667
603 SV        66,5862069
604 Rødt      66,3170732
605 Venstre   65,9777778
606 Venstre   65,0145985
607 INP       64,8571429
608 PS        64,5862069
609 Venstre   64,0791367
610 Rødt      63,2325581
611 INP       63,2151899
612 Venstre   63,1702128
613 MDG       62,4137931
614 SV        62,2903226
615 Venstre   62,2867133
616 INP        61,654321
617 Venstre   61,4275862
618 Venstre   60,5918367
619 Rødt      60,4222222
620 PS        60,4193548
621 INP       60,1686747
622 Venstre   59,7785235
623 Venstre    58,986755
624 INP       58,7529412
625 SV        58,5151515
626 MDG       58,3870968
627 Venstre   58,2156863
628 Rødt      57,8510638
629 Venstre   57,4645161
630 INP       57,4022989
631 PS        56,7575758
632 Venstre   56,7324841
633 INP       56,1123596
634 Venstre   56,0188679
635 Rødt      55,4897959
636 Venstre   55,3229814
637 SV        55,1714286
638 INP       54,8791209
639 MDG       54,8484848
640 Venstre   54,6441718
641 Venstre   53,9818182
642 INP       53,6989247
643 PS        53,5142857
644 Venstre   53,3353293
645 Rødt      53,3137255
646 Venstre    52,704142
647 INP       52,5684211
648 SV        52,1891892
649 Venstre   52,0877193
650 MDG       51,7142857
651 Venstre   51,4855491
652 INP       51,4845361
653 Rødt      51,3018868
654 PS        50,6216216
655 INP       50,4444444
656 SV        49,5128205
657 INP       49,4455446
658 Rødt      49,4363636
659 MDG       48,9189189
660 INP       48,4854369
661 PS         48,025641
662 Rødt   47,7017544
663 INP    47,5619048
664 SV      47,097561
665 INP    46,6728972
666 MDG    46,4102564
667 Rødt   46,0847458
668 INP    45,8165138
669 PS     45,6829268
670 INP     44,990991
671 SV     44,9069767
672 Rødt   44,5737705
673 INP    44,1946903
674 MDG    44,1463415
675 PS     43,5581395
676 INP     43,426087
677 Rødt   43,1587302
678 SV     42,9111111
679 INP    42,6837607
680 MDG    42,0930233
681 INP    41,9663866
682 Rødt   41,8307692
683 PS     41,6222222
684 INP    41,2727273
685 SV     41,0851064
686 INP     40,601626
687 Rødt   40,5820896
688 MDG    40,2222222
689 INP         39,952
690 PS     39,8510638
691 SV     39,4081633
692 Rødt   39,4057971
693 INP    39,3228346
694 INP    38,7131783
695 MDG    38,5106383
696 Rødt   38,2957746
697 PS     38,2244898
698 INP    38,1221374
699 SV     37,8627451
700 INP    37,5488722
701 Rødt   37,2465753
702 INP    36,9925926
703 MDG    36,9387755
704 PS     36,7254902
705 INP    36,4525547
706 SV     36,4339623
707 Rødt   36,2533333
708 INP    35,9280576
709 MDG    35,4901961
710 INP    35,4184397
711 PS     35,3396226
712 Rødt   35,3116883
713 SV     35,1090909
714 INP    34,9230769
715 INP    34,4413793
716 Rødt   34,4177215
717 MDG    34,1509434
718 PS     34,0545455
719 INP    33,9727891
720 SV      33,877193
721 Rødt   33,5679012
722 INP    33,5167785
723 INP    33,0728477
724 MDG    32,9090909
725 PS     32,8596491
726 Rødt   32,7590361
727 SV     32,7288136
728 INP    32,6405229
729 INP    32,2193548
730 Rødt   31,9882353
731 INP    31,8089172
732 MDG     31,754386
733 PS     31,7457627
734 SV     31,6557377
735 INP     31,408805
736 Rødt   31,2528736
737 INP    31,0186335
738 PS      30,704918
739 MDG    30,6779661
740 SV     30,6507937
741 INP    30,6380368
742 Rødt   30,5505618
743 INP    30,2666667
744 INP    29,9041916
745 Rødt   29,8791209
746 PS     29,7301587
747 SV     29,7076923
748 MDG    29,6721311
749 INP    29,5502959
750 Rødt   29,2365591
751 INP    29,2046784
752 INP     28,867052
753 SV     28,8208955
754 PS     28,8153846
755 MDG    28,7301587
756 Rødt   28,6210526
757 Rødt   28,0309278
758 SV     27,9855072
759 PS     27,9552239
760 MDG    27,8461538
761 Rødt   27,4646465
762 SV     27,1971831
763 PS     27,1449275
764 MDG    27,0149254
765 Rødt   26,9207921
766 SV     26,4520548
767 Rødt   26,3980583
768 PS     26,3802817
769 MDG    26,2318841
770 Rødt   25,8952381
771 SV     25,7466667
772 PS     25,6575342
773 MDG    25,4929577
774 Rødt    25,411215
775 SV     25,0779221
776 PS     24,9733333
777 Rødt   24,9449541
778 MDG    24,7945205
779 Rødt   24,4954955
780 SV      24,443038
781 PS     24,3246753
782 MDG    24,1333333
783 Rødt   24,0619469
784 SV     23,8395062
785 PS     23,7088608
786 Rødt   23,6434783
787 MDG    23,5064935
788 SV     23,2650602
789 Rødt   23,2393162
790 PS     23,1234568
791 MDG    22,9113924
792 Rødt   22,8487395
793 SV     22,7176471
794 PS     22,5662651
795 Rødt   22,4710744
796 MDG     22,345679
797 SV     22,1954023
798 Rødt   22,1056911
799 PS     22,0352941
800 MDG    21,8072289
801 Rødt        21,752
802 SV     21,6966292
803 PS     21,5287356
804 Rødt   21,4094488
805 MDG    21,2941176
806 SV     21,2197802
807 Rødt   21,0775194
808 PS     21,0449438
809 MDG    20,8045977
810 SV     20,7634409
811 Rødt   20,7557252
812 PS     20,5824176
813 Rødt    20,443609
814 MDG    20,3370787
815 SV     20,3263158
816 Rødt   20,1407407
817 PS     20,1397849
818 SV     19,9072165
819 MDG    19,8901099
820 Rødt   19,8467153
821 PS     19,7157895
822 Rødt   19,5611511
823 SV     19,5050505
824 MDG    19,4623656
825 PS     19,3092784
826 Rødt   19,2836879
827 SV     19,1188119
828 MDG    19,0526316
829 Rødt    19,013986
830 PS     18,9191919
831 Rødt   18,7517241
832 SV     18,7475728
833 MDG    18,6597938
834 PS     18,5445545
835 Rødt   18,4965986
836 SV     18,3904762
837 MDG    18,2828283
838 Rødt   18,2483221
839 PS      18,184466
840 SV      18,046729
841 Rødt   18,0066225
842 MDG    17,9207921
843 PS     17,8380952
844 Rødt   17,7712418
845 SV     17,7155963
846 MDG    17,5728155
847 Rødt   17,5419355
848 PS     17,5046729
849 SV     17,3963964
850 Rødt   17,3184713
851 MDG    17,2380952
852 PS     17,1834862
853 Rødt   17,1006289
854 SV     17,0884956
855 MDG    16,9158879
856 Rødt   16,8881988
857 PS     16,8738739
858 SV     16,7913043
859 Rødt   16,6809816
860 MDG    16,6055046
861 PS     16,5752212
862 SV     16,5042735
863 Rødt   16,4787879
864 MDG    16,3063063
865 PS     16,2869565
866 Rødt   16,2814371
867 SV     16,2268908
868 Rødt   16,0887574
869 MDG    16,0176991
870 PS      16,008547
871 SV     15,9586777
872 Rødt   15,9005848
873 PS     15,7394958
874 MDG    15,7391304
875 Rødt    15,716763
876 SV      15,699187
877 PS     15,4793388
878 MDG    15,4700855
879 SV          15,448
880 PS     15,2276423
881 MDG     15,210084
882 SV     15,2047244
883 PS          14,984
884 SV     14,9689922
885 MDG    14,9586777
886 PS     14,7480315
887 SV      14,740458
888 MDG    14,7154472
889 PS     14,5193798
890 SV      14,518797
891 MDG          14,48
892 SV     14,3037037
893 PS    14,2977099
894 MDG   14,2519685
895 SV    14,0948905
896 PS    14,0827068
897 MDG   14,0310078
898 SV    13,8920863
899 PS    13,8740741
900 MDG   13,8167939
901 SV    13,6950355
902 PS    13,6715328
903 MDG   13,6090226
904 SV    13,5034965
905 PS    13,4748201
906 MDG   13,4074074
907 SV    13,3172414
908 PS    13,2836879
909 MDG   13,2116788
910 SV    13,1360544
911 PS    13,0979021
912 MDG   13,0215827
913 SV    12,9597315
914 PS    12,9172414
915 MDG   12,8368794
916 SV    12,7880795
917 PS    12,7414966
918 MDG   12,6573427
919 SV     12,620915
920 PS    12,5704698
921 MDG   12,4827586
922 SV    12,4580645
923 PS    12,4039735
924 MDG   12,3129252
925 SV    12,2993631
926 PS    12,2418301
927 MDG    12,147651
928 SV    12,1446541
929 PS     12,083871
930 SV    11,9937888
931 MDG    11,986755
932 PS    11,9299363
933 SV    11,8466258
934 MDG   11,8300654
935 PS    11,7798742
936 SV    11,7030303
937 MDG   11,6774194
938 PS    11,6335404
939 SV    11,5628743
940 MDG   11,5286624
941 PS    11,4907975
942 SV    11,4260355
943 MDG   11,3836478
944 PS    11,3515152
945 SV    11,2923977
946 MDG    11,242236
947 PS    11,2155689
948 SV    11,1618497
949 MDG   11,1042945
950 PS    11,0828402
951 MDG    10,969697
952 PS    10,9532164
953 MDG   10,8383234
954 PS    10,8265896
955 MDG   10,7100592
956 MDG   10,5847953
957 MDG   10,4624277
958                0
959   0
960   0
961   0
962   0
963   0
964   0
965   0
966   0
967   0
968   0
969   0
970   0
971   0
972   0
973   0
974   0
975   0
976   0
977   0
978   0
979   0
980   0
981   0
982   0
983   0
984   0
985   0
986   0
987   0
988   0
989   0
990   0
991   0
 992   0
 993   0
 994   0
 995   0
 996   0
 997   0
 998   0
 999   0
1000   0
1001   0
1002   0
1003   0
1004   0
1005   0
1006   0
1007   0
1008   0
1009   0
1010   0
1011   0
1012   0
1013   0
1014   0
1015   0
1016   0
1017   0
1018   0
1019   0
1020   0
1021   0
1022   0
1023   0
1024   0
1025   0
1026   0
1027   0
1028   0
1029   0
1030   0
1031   0
1032   0
1033   0
1034   0
1035   0
1036   0
1037   0
1038   0
1039   0
1040   0
1041   0
1042   0
1043   0
1044   0
1045   0
1046   0
1047   0
1048   0
1049   0
1050   0
1051   0
1052   0
1053   0
1054   0
1055   0
1056   0
1057   0
1058   0
1059   0
1060   0
1061   0
1062   0
1063   0
1064   0
1065   0
1066   0
1067   0
1068   0
1069   0
1070   0
1071   0
1072   0
1073   0
1074   0
1075   0
1076   0
1077   0
1078   0
1079   0
1080   0
1081   0
1082   0
1083   0
1084   0
1085   0
1086   0
1087   0
1088   0
1089   0
1090   0
1091   0
1092   0
1093   0
1094   0
1095   0
1096   0
1097   0
1098   0
1099   0
1100   0
1101   0
1102   0
1103   0
1104   0
1105   0
1106   0
1107   0
1108   0
1109   0
1110   0
1111   0
1112   0
1113   0
1114   0
1115   0
1116   0
1117   0
1118   0
1119   0
1120   0
1121   0
1122   0
1123   0
1124   0
1125   0
1126   0
1127   0
1128   0
1129   0
1130   0
1131   0
1132   0
1133   0
1134   0
1135   0
1136   0
1137   0
1138   0
1139   0
1140   0
1141   0
1142   0
1143   0
1144   0
1145   0
1146   0
1147   0
1148   0
1149   0
1150   0
1151   0
1152   0
1153   0
1154   0
1155   0
1156   0
1157   0
1158   0
1159   0
1160   0
1161   0
1162   0
1163   0
1164   0
1165   0
1166   0
1167   0
1168   0
1169   0
1170   0
1171   0
1172   0
1173   0
1174   0
1175   0
1176   0
1177   0
1178   0
1179   0
1180   0
1181   0
1182   0
1183   0
1184   0
1185   0
1186   0
1187   0
1188   0
1189   0
1190   0
1191   0
1192   0
1193   0
1194   0
1195   0
1196   0
1197   0
1198   0
1199   0
1200   0
1201   0
1202   0
1203   0
1204   0
1205   0
1206   0
1207   0
1208   0
1209   0
1210   0
1211   0
1212   0
1213   0
1214   0
1215   0
1216   0
1217   0
1218   0
1234
1235
1236
1237
1238
1239
1240
1241
1242
1243
1244
1245
1246
1247
1248
1249
1250
1251
1252
1253
1254
1255
1256
1257
1258
1259
1260
1261
1262
1263
1264
1265
1266
1267
1268
1269
1270
1271
1272
1273
1274
1275
1276
1277
1278
1279
1280
1281
1282
1283
1284
1285
1286
1287
1288
1289
1290
1291
1292
1293
1294
1295
1296
1297
1298
1299
1300
1301
1302
1303
1304
1305
                Veileder: Fyll ut feltene som er markert i grått. Tallene som skal fylle sut henter du
                fra EVA under menyvalget "Mandatfordeling".
                Mer informasjon om mandatfordelingen i EVA finner du i brukerveiledningen her:

                https://valgmedarbeiderportalen.valg.no/eva/valgoppgjor/valgoppgjor#mandatford
                eling-kommunestyrevalg




                Kjør valgoppgjør: Ctrl-K




21              23              25              27            29            31             33             35            37            39            41
        86,19           78,70           72,40         67,04         62,41          58,39          54,85         51,71         48,92         46,41         44,15
       237,81          217,13          199,76        184,96        172,21         161,10         151,33        142,69        134,97        128,05        121,80
     1 191,52        1 087,91        1 000,88        926,74        862,83         807,16         758,24        714,91        676,27        641,59        610,29
   89,19      81,43      74,92      69,37      64,59      60,42      56,76      53,51      50,62      48,03      45,68
1 255,71   1 146,52   1 054,80     976,67     909,31     850,65     799,09     753,43     712,70     676,15     643,17
  772,14     705,00     648,60     600,56     559,14     523,06     491,36     463,29     438,24     415,77     395,49
  696,00     635,48     584,64     541,33     504,00     471,48     442,91     417,60     395,03     374,77     356,49
   91,95      83,96      77,24      71,52      66,59      62,29      58,52      55,17      52,19      49,51      47,10
2 364,24   2 158,65   1 985,96   1 838,85   1 712,03   1 601,58   1 504,52   1 418,54   1 341,86   1 273,05   1 210,95
  129,48     118,22     108,76     100,70      93,76      87,71      82,39      77,69      73,49      69,72      66,32
  424,14     387,26     356,28     329,89     307,14     287,32     269,91     254,49     240,73     228,38     217,24
    0,00       0,00       0,00       0,00       0,00       0,00       0,00       0,00       0,00       0,00       0,00
    0,00       0,00       0,00       0,00       0,00       0,00       0,00       0,00       0,00       0,00       0,00
    0,00       0,00       0,00       0,00       0,00       0,00       0,00       0,00       0,00       0,00       0,00
    0,00       0,00       0,00       0,00       0,00       0,00       0,00       0,00       0,00       0,00       0,00
43            45            47            49            51            53            55            57            59            61            63
      42,09         40,22         38,51         36,94         35,49         34,15         32,91         31,75         30,68         29,67         28,73
     116,14        110,98        106,26        101,92         97,92         94,23         90,80         87,61         84,64         81,87         79,27
     581,91        556,04        532,38        510,65        490,63        472,11        454,95        438,98        424,10        410,20        397,17
   43,56      41,62      39,85      38,22    36,73    35,34    34,05    32,86    31,75    30,70    29,73
  613,26     586,00     561,06     538,16   517,06   497,55   479,45   462,63   446,95   432,30   418,57
  377,09     360,33     345,00     330,92   317,94   305,94   294,82   284,47   274,83   265,82   257,38
  339,91     324,80     310,98     298,29   286,59   275,77   265,75   256,42   247,73   239,61   232,00
   44,91      42,91      41,09      39,41    37,86    36,43    35,11    33,88    32,73    31,66    30,65
1 154,63   1 103,31   1 056,36   1 013,24   973,51   936,77   902,71   871,04   841,51   813,92   788,08
   63,23      60,42      57,85      55,49    53,31    51,30    49,44    47,70    46,08    44,57    43,16
  207,14     197,93     189,51     181,78   174,65   168,06   161,95   156,26   150,97   146,02   141,38
    0,00       0,00       0,00       0,00     0,00     0,00     0,00     0,00     0,00     0,00     0,00
    0,00       0,00       0,00       0,00     0,00     0,00     0,00     0,00     0,00     0,00     0,00
    0,00       0,00       0,00       0,00     0,00     0,00     0,00     0,00     0,00     0,00     0,00
    0,00       0,00       0,00       0,00     0,00     0,00     0,00     0,00     0,00     0,00     0,00
65            67            69            71            73            75            77            79            81            83            85
      27,85         27,01         26,23         25,49         24,79         24,13         23,51         22,91         22,35         21,81         21,29
      76,83         74,54         72,38         70,34         68,41         66,59         64,86         63,22         61,65         60,17         58,75
     384,95        373,46        362,64        352,42        342,77        333,63        324,96        316,73        308,91        301,47        294,38
 28,82    27,96    27,14    26,38    25,66    24,97    24,32    23,71    23,12    22,57    22,04
405,69   393,58   382,17   371,41   361,23   351,60   342,47   333,80   325,56   317,71   310,24
249,46   242,01   235,00   228,38   222,12   216,20   210,58   205,25   200,19   195,36   190,76
224,86   218,15   211,83   205,86   200,22   194,88   189,82   185,01   180,44   176,10   171,95
 29,71    28,82    27,99    27,20    26,45    25,75    25,08    24,44    23,84    23,27    22,72
763,83   741,03   719,55   699,28   680,12   661,99   644,79   628,47   612,95   598,18   584,11
 41,83    40,58    39,41    38,30    37,25    36,25    35,31    34,42    33,57    32,76    31,99
137,03   132,94   129,09   125,45   122,01   118,76   115,68   112,75   109,96   107,31   104,79
  0,00     0,00     0,00     0,00     0,00     0,00     0,00     0,00     0,00     0,00     0,00
  0,00     0,00     0,00     0,00     0,00     0,00     0,00     0,00     0,00     0,00     0,00
  0,00     0,00     0,00     0,00     0,00     0,00     0,00     0,00     0,00     0,00     0,00
  0,00     0,00     0,00     0,00     0,00     0,00     0,00     0,00     0,00     0,00     0,00
87            89            91            93            95            97            99            101            103            105            107
      20,80         20,34         19,89         19,46         19,05         18,66         18,28          17,92          17,57          17,24          16,92
      57,40         56,11         54,88         53,70         52,57         51,48         50,44          49,45          48,49          47,56          46,67
     287,61        281,15        274,97        269,05        263,39        257,96        252,75         247,74         242,93         238,30         233,85
 21,53    21,04    20,58    20,14    19,72    19,31    18,92    18,54    18,18    17,84    17,50
303,10   296,29   289,78   283,55   277,58   271,86   266,36   261,09   256,02   251,14   246,45
186,38   182,19   178,19   174,35   170,68   167,16   163,79   160,54   157,43   154,43   151,54
168,00   164,22   160,62   157,16   153,85   150,68   147,64   144,71   141,90   139,20   136,60
 22,20    21,70    21,22    20,76    20,33    19,91    19,51    19,12    18,75    18,39    18,05
570,68   557,85   545,59   533,86   522,62   511,85   501,51   491,57   482,03   472,85   464,01
 31,25    30,55    29,88    29,24    28,62    28,03    27,46    26,92    26,40    25,90    25,41
102,38   100,08    97,88    95,77    93,76    91,82    89,97    88,19    86,48    84,83    83,24
  0,00     0,00     0,00     0,00     0,00     0,00     0,00     0,00     0,00     0,00     0,00
  0,00     0,00     0,00     0,00     0,00     0,00     0,00     0,00     0,00     0,00     0,00
  0,00     0,00     0,00     0,00     0,00     0,00     0,00     0,00     0,00     0,00     0,00
  0,00     0,00     0,00     0,00     0,00     0,00     0,00     0,00     0,00     0,00     0,00
109            111            113            115            117            119            121            123            125            127            129
       16,61          16,31          16,02          15,74          15,47          15,21          14,96          14,72          14,48          14,25          14,03
       45,82          44,99          44,19          43,43          42,68          41,97          41,27          40,60          39,95          39,32          38,71
      229,56         225,42         221,43         217,58         213,86         210,27         206,79         203,43         200,18         197,02         193,97
 17,18    16,87    16,58    16,29    16,01    15,74    15,48    15,23    14,98    14,75    14,52
241,93   237,57   233,36   229,30   225,38   221,60   217,93   214,39   210,96   207,64   204,42
148,76   146,08   143,50   141,00   138,59   136,26   134,01   131,83   129,72   127,68   125,70
134,09   131,68   129,35   127,10   124,92   122,82   120,79   118,83   116,93   115,09   113,30
 17,72    17,40    17,09    16,79    16,50    16,23    15,96    15,70    15,45    15,20    14,97
455,50   447,29   439,37   431,73   424,35   417,22   410,32   403,65   397,19   390,94   384,88
 24,94    24,50    24,06    23,64    23,24    22,85    22,47    22,11    21,75    21,41    21,08
 81,72    80,24    78,82    77,45    76,13    74,85    73,61    72,41    71,26    70,13    69,05
  0,00     0,00     0,00     0,00     0,00     0,00     0,00     0,00     0,00     0,00     0,00
  0,00     0,00     0,00     0,00     0,00     0,00     0,00     0,00     0,00     0,00     0,00
  0,00     0,00     0,00     0,00     0,00     0,00     0,00     0,00     0,00     0,00     0,00
  0,00     0,00     0,00     0,00     0,00     0,00     0,00     0,00     0,00     0,00     0,00
131            133            135            137            139            141            143            145            147            149            151
       13,82          13,61          13,41          13,21          13,02          12,84          12,66          12,48          12,31          12,15          11,99
       38,12          37,55          36,99          36,45          35,93          35,42          34,92          34,44          33,97          33,52          33,07
      191,01         188,14         185,35         182,64         180,01         177,46         174,98         172,57         170,22         167,93         165,71
 14,30    14,08    13,87    13,67    13,47    13,28    13,10    12,92    12,74    12,57    12,40
201,30   198,27   195,33   192,48   189,71   187,02   184,41   181,86   179,39   176,98   174,64
123,78   121,92   120,11   118,36   116,65   115,00   113,39   111,83   110,31   108,83   107,38
111,57   109,89   108,27   106,69   105,15   103,66   102,21   100,80    99,43    98,09    96,79
 14,74    14,52    14,30    14,09    13,89    13,70    13,50    13,32    13,14    12,96    12,79
379,00   373,30   367,77   362,40   357,19   352,12   347,20   342,41   337,75   333,21   328,80
 20,76    20,44    20,14    19,85    19,56    19,28    19,01    18,75    18,50    18,25    18,01
 67,99    66,97    65,98    65,01    64,08    63,17    62,29    61,43    60,59    59,78    58,99
  0,00     0,00     0,00     0,00     0,00     0,00     0,00     0,00     0,00     0,00     0,00
  0,00     0,00     0,00     0,00     0,00     0,00     0,00     0,00     0,00     0,00     0,00
  0,00     0,00     0,00     0,00     0,00     0,00     0,00     0,00     0,00     0,00     0,00
  0,00     0,00     0,00     0,00     0,00     0,00     0,00     0,00     0,00     0,00     0,00
153            155            157            159            161            163            165            167            169            171            173
       11,83          11,68          11,53          11,38          11,24          11,10          10,97          10,84          10,71          10,58          10,46
       32,64          32,22          31,81          31,41          31,02          30,64          30,27          29,90          29,55          29,20          28,87
      163,54         161,43         159,38         157,37         155,42         153,51         151,65         149,83         148,06         146,33         144,64
 12,24    12,08    11,93    11,78    11,63    11,49    11,35    11,22    11,08    10,95    10,83
172,35   170,13   167,96   165,85   163,79   161,78   159,82   157,90   156,04   154,21   152,43
105,98   104,61   103,28   101,98   100,71    99,48    98,27    97,10    95,95    94,82    93,73
 95,53    94,30    93,10    91,92    90,78    89,67    88,58    87,52    86,49    85,47    84,49
 12,62    12,46    12,30    12,14    11,99    11,85    11,70    11,56    11,43    11,29    11,16
324,50   320,32   316,24   312,26   308,38   304,60   300,90   297,30   293,78   290,35   286,99
 17,77    17,54    17,32    17,10    16,89    16,68    16,48    16,28    16,09    15,90    15,72
 58,22    57,46    56,73    56,02    55,32    54,64    53,98    53,34    52,70    52,09    51,49
  0,00     0,00     0,00     0,00     0,00     0,00     0,00     0,00     0,00     0,00     0,00
  0,00     0,00     0,00     0,00     0,00     0,00     0,00     0,00     0,00     0,00     0,00
  0,00     0,00     0,00     0,00     0,00     0,00     0,00     0,00     0,00     0,00     0,00
  0,00     0,00     0,00     0,00     0,00     0,00     0,00     0,00     0,00     0,00     0,00
