Antall kommunestyrerepresentanter                21

Stemmesedler                            Listestemmer                                                                  Mandater
Parti      Antall stemmer               Før retting Tilgang           Avgang         Totalt                           Antall
AP                   303                         6363          111             116             6358                               2
H                    924                        19404          240             238            19406                               7
V                     27                          567           23               4              586                               0
SV                    50                         1050           12              25             1037                               0
FRP                  938                        19698          162             232            19628                               8
SP                    54                         1134           62              27             1169                               0
KRF                  140                         2940           76              55             2961                               1
INP                  292                         6132          101              99             6134                               2
MDG                  106                         2226           63              54             2235                               1
                                                    0                                             0
                                                    0                                             0
                                                    0                                             0
                                                    0                                             0
                                                    0                                             0
                                                    0                                             0
                                                    0                                             0
                                                    0                                             0
                                                    0                                             0
                                                    0                                             0
                                                    0                                             0                              21
                                        Sum                    850             850 Ok!
           St. Lägue
Parti      1,4           3              5              7              9              11               13              15              17
AP              4 541,43     2 119,33       1 271,60         908,29         706,44          578,00           489,08          423,87          374,00
H              13 861,43     6 468,67       3 881,20       2 772,29       2 156,22        1 764,18         1 492,77        1 293,73        1 141,53
V                 418,57       195,33         117,20          83,71          65,11           53,27            45,08           39,07           34,47
SV                740,71       345,67         207,40         148,14         115,22           94,27            79,77           69,13           61,00
FRP            14 020,00     6 542,67       3 925,60       2 804,00       2 180,89        1 784,36         1 509,85        1 308,53        1 154,59
SP        835,00       389,67     233,80   167,00   129,89   106,27    89,92        77,93    68,76
KRF     2 115,00       987,00     592,20   423,00   329,00   269,18   227,77       197,40   174,18
INP     4 381,43     2 044,67   1 226,80   876,29   681,56   557,64   471,85       408,93   360,82
MDG     1 596,43       745,00     447,00   319,29   248,33   203,18   171,92       149,00   131,47
            0,00         0,00       0,00     0,00     0,00     0,00     0,00         0,00     0,00
            0,00         0,00       0,00     0,00     0,00     0,00     0,00         0,00     0,00
            0,00         0,00       0,00     0,00     0,00     0,00     0,00         0,00     0,00
            0,00         0,00       0,00     0,00     0,00     0,00     0,00         0,00     0,00
            0,00         0,00       0,00     0,00     0,00     0,00     0,00         0,00     0,00
            0,00         0,00       0,00     0,00     0,00     0,00     0,00         0,00     0,00




1     FRP               14020
2     H            13861,4286
3     FRP          6542,66667
4     H            6468,66667
5     AP           4541,42857
6     INP          4381,42857
7     FRP              3925,6
8     H                3881,2
9     FRP                2804
10    H            2772,28571
11    FRP          2180,88889
12    H            2156,22222                                                  j
13    AP           2119,33333
14    KRF                2115
15    INP          2044,66667
16    FRP          1784,36364
17    H            1764,18182
18    MDG          1596,42857
19    FRP          1509,84615
20   H     1492,76923
21   FRP   1308,53333
